343
525
701
871
1034
1191
1215
1366
1390
1535
1559
1583
1722
1746
1879
1903
1927
2054
2078
2102
2224
2248
2272
2388
2412
2436
2460
2570
2594
2618
2723
2747
2771
2795
2895
2919
2943
2967
3062
3086
3110
3134
3158
3248
3272
3296
3320
3405
3429
3453
3477
3501
3581
3605
3629
3653
3677
3752
3776
3800
3824
3848
3919
3943
3967
3991
4015
4082
4106
4130
4154
4178
4202
4265
4289
4313
4337
4361
4420
4444
4468
4492
4516
4540
4595
4619
4643
4667
4691
4715
4767
4791
4815
4839
4863
4887
4935
4959
4983
5007
5031
5055
5100
5124
5148
5172
5196
5220
5244
5286
5310
5334
5358
5382
5406
5446
5470
5494
5518
5542
5566
5590
5627
5651
5675
5699
5723
5747
5782
5806
5830
5854
5878
5902
5926
5959
5983
6007
6031
6055
6079
6103
6134
6158
6182
6206
6230
6254
6278
6307
6331
6355
6379
6403
6427
6451
6479
6503
6527
6551
6575
6599
6623
6650
6674
6698
6722
6746
6770
6794
6820
6844
6868
6892
6916
6940
6964
6989
7013
7037
7061
7085
7109
7133
7158
7182
7206
7230
7254
7278
7302
7327
7351
7375
7399
7423
7447
7471
7496
7520
7544
7568
7592
7616
7640
7665
7689
7713
7737
7761
7785
7809
7835
7859
7883
7907
7931
7955
7979
8006
8030
8054
8078
8102
8126
8150
8178
8202
8226
8250
8274
8298
8322
8351
8375
8399
8423
8447
8471
8502
8526
8550
8574
8598
8622
8646
8679
8703
8727
8751
8775
8799
8823
8858
8882
8906
8930
8954
8978
9015
9039
9063
9087
9111
9135
9159
9199
9223
9247
9271
9295
9319
9361
9385
9409
9433
9457
9481
9526
9550
9574
9598
9622
9646
9694
9718
9742
9766
9790
9814
9866
9890
9914
9938
9962
9986
10041
10065
10089
10113
10137
10161
10220
10244
10268
10292
10316
10379
10403
10427
10451
10475
10542
10566
10590
10614
10638
10662
10733
10757
10781
10805
