513
689
859
1022
1046
1203
1227
1378
1402
1547
1571
1710
1734
1758
1891
1915
2042
2066
2090
2212
2236
2260
2284
2400
2424
2448
2558
2582
2606
2630
2735
2759
2783
2807
2907
2931
2955
2979
3074
3098
3122
3146
3236
3260
3284
3308
3332
3417
3441
3465
3489
3513
3593
3617
3641
3665
3740
3764
3788
3812
3836
3860
3931
3955
3979
4003
4027
4094
4118
4142
4166
4190
4253
4277
4301
4325
4349
4373
4432
4456
4480
4504
4528
4552
4607
4631
4655
4679
4703
4727
4779
4803
4827
4851
4875
4899
4947
4971
4995
5019
5043
5067
5112
5136
5160
5184
5208
5232
5274
5298
5322
5346
5370
5394
5418
5458
5482
5506
5530
5554
5578
5615
5639
5663
5687
5711
5735
5759
5794
5818
5842
5866
5890
5914
5938
5971
5995
6019
6043
6067
6091
6122
6146
6170
6194
6218
6242
6266
6295
6319
6343
6367
6391
6415
6439
6467
6491
6515
6539
6563
6587
6611
6638
6662
6686
6710
6734
6758
6782
6808
6832
6856
6880
6904
6928
6952
6977
7001
7025
7049
7073
7097
7121
7146
7170
7194
7218
7242
7266
7290
7315
7339
7363
7387
7411
7435
7459
7484
7508
7532
7556
7580
7604
7628
7653
7677
7701
7725
7749
7773
7797
7823
7847
7871
7895
7919
7943
7967
7994
8018
8042
8066
8090
8114
8138
8166
8190
8214
8238
8262
8286
8310
8339
8363
8387
8411
8435
8459
8483
8514
8538
8562
8586
8610
8634
8658
8691
8715
8739
8763
8787
8811
8846
8870
8894
8918
8942
8966
8990
9027
9051
9075
9099
9123
9147
9187
9211
9235
9259
9283
9307
9331
9373
9397
9421
9445
9469
9493
9538
9562
9586
9610
9634
9658
9706
9730
9754
9778
9802
9826
9878
9902
9926
9950
9974
9998
10053
10077
10101
10125
10149
10208
10232
10256
10280
10304
10328
10391
10415
10439
10463
10487
10554
10578
10602
10626
10650
10721
10745
10769
10793
10817
