171
518
694
864
1027
1051
1208
1232
1383
1407
1552
1576
1715
1739
1872
1896
1920
2047
2071
2095
2217
2241
2265
2381
2405
2429
2453
2563
2587
2611
2635
2740
2764
2788
2812
2912
2936
2960
2984
3079
3103
3127
3151
3241
3265
3289
3313
3337
3422
3446
3470
3494
3574
3598
3622
3646
3670
3745
3769
3793
3817
3841
3912
3936
3960
3984
4008
4032
4099
4123
4147
4171
4195
4258
4282
4306
4330
4354
4378
4437
4461
4485
4509
4533
4557
4612
4636
4660
4684
4708
4760
4784
4808
4832
4856
4880
4904
4952
4976
5000
5024
5048
5072
5117
5141
5165
5189
5213
5237
5279
5303
5327
5351
5375
5399
5423
5463
5487
5511
5535
5559
5583
5620
5644
5668
5692
5716
5740
5764
5799
5823
5847
5871
5895
5919
5952
5976
6000
6024
6048
6072
6096
6127
6151
6175
6199
6223
6247
6271
6300
6324
6348
6372
6396
6420
6444
6472
6496
6520
6544
6568
6592
6616
6643
6667
6691
6715
6739
6763
6787
6813
6837
6861
6885
6909
6933
6957
6982
7006
7030
7054
7078
7102
7126
7151
7175
7199
7223
7247
7271
7295
7320
7344
7368
7392
7416
7440
7464
7489
7513
7537
7561
7585
7609
7633
7658
7682
7706
7730
7754
7778
7802
7828
7852
7876
7900
7924
7948
7972
7999
8023
8047
8071
8095
8119
8143
8171
8195
8219
8243
8267
8291
8315
8344
8368
8392
8416
8440
8464
8488
8519
8543
8567
8591
8615
8639
8672
8696
8720
8744
8768
8792
8816
8851
8875
8899
8923
8947
8971
8995
9032
9056
9080
9104
9128
9152
9192
9216
9240
9264
9288
9312
9354
9378
9402
9426
9450
9474
9498
9543
9567
9591
9615
9639
9663
9711
9735
9759
9783
9807
9831
9883
9907
9931
9955
9979
10034
10058
10082
10106
10130
10154
10213
10237
10261
10285
10309
10372
10396
10420
10444
10468
10492
10559
10583
10607
10631
10655
10726
10750
10774
10798
10822
