341
523
699
869
1032
1056
1213
1364
1388
1533
1557
1581
1720
1744
1877
1901
1925
2052
2076
2100
2222
2246
2270
2386
2410
2434
2458
2568
2592
2616
2721
2745
2769
2793
2893
2917
2941
2965
3060
3084
3108
3132
3156
3246
3270
3294
3318
3403
3427
3451
3475
3499
3579
3603
3627
3651
3675
3750
3774
3798
3822
3846
3917
3941
3965
3989
4013
4080
4104
4128
4152
4176
4200
4263
4287
4311
4335
4359
4383
4442
4466
4490
4514
4538
4593
4617
4641
4665
4689
4713
4765
4789
4813
4837
4861
4885
4933
4957
4981
5005
5029
5053
5077
5122
5146
5170
5194
5218
5242
5284
5308
5332
5356
5380
5404
5444
5468
5492
5516
5540
5564
5588
5625
5649
5673
5697
5721
5745
5780
5804
5828
5852
5876
5900
5924
5957
5981
6005
6029
6053
6077
6101
6132
6156
6180
6204
6228
6252
6276
6305
6329
6353
6377
6401
6425
6449
6477
6501
6525
6549
6573
6597
6621
6648
6672
6696
6720
6744
6768
6792
6818
6842
6866
6890
6914
6938
6962
6987
7011
7035
7059
7083
7107
7131
7156
7180
7204
7228
7252
7276
7300
7325
7349
7373
7397
7421
7445
7469
7494
7518
7542
7566
7590
7614
7638
7663
7687
7711
7735
7759
7783
7807
7833
7857
7881
7905
7929
7953
7977
8004
8028
8052
8076
8100
8124
8148
8176
8200
8224
8248
8272
8296
8320
8349
8373
8397
8421
8445
8469
8500
8524
8548
8572
8596
8620
8644
8677
8701
8725
8749
8773
8797
8821
8856
8880
8904
8928
8952
8976
9013
9037
9061
9085
9109
9133
9157
9197
9221
9245
9269
9293
9317
9359
9383
9407
9431
9455
9479
9524
9548
9572
9596
9620
9644
9692
9716
9740
9764
9788
9812
9864
9888
9912
9936
9960
9984
10039
10063
10087
10111
10135
10159
10218
10242
10266
10290
10314
10377
10401
10425
10449
10473
10540
10564
10588
10612
10636
10660
10731
10755
10779
10803
10827
