351
685
855
879
1042
1199
1223
1374
1398
1543
1567
1706
1730
1754
1887
1911
1935
2062
2086
2110
2232
2256
2280
2396
2420
2444
2554
2578
2602
2626
2731
2755
2779
2803
2903
2927
2951
2975
3070
3094
3118
3142
3232
3256
3280
3304
3328
3413
3437
3461
3485
3509
3589
3613
3637
3661
3685
3760
3784
3808
3832
3856
3927
3951
3975
3999
4023
4090
4114
4138
4162
4186
4210
4273
4297
4321
4345
4369
4428
4452
4476
4500
4524
4548
4603
4627
4651
4675
4699
4723
4775
4799
4823
4847
4871
4895
4943
4967
4991
5015
5039
5063
5108
5132
5156
5180
5204
5228
5270
5294
5318
5342
5366
5390
5414
5454
5478
5502
5526
5550
5574
5611
5635
5659
5683
5707
5731
5755
5790
5814
5838
5862
5886
5910
5934
5967
5991
6015
6039
6063
6087
6111
6142
6166
6190
6214
6238
6262
6291
6315
6339
6363
6387
6411
6435
6463
6487
6511
6535
6559
6583
6607
6634
6658
6682
6706
6730
6754
6778
6804
6828
6852
6876
6900
6924
6948
6973
6997
7021
7045
7069
7093
7117
7142
7166
7190
7214
7238
7262
7286
7311
7335
7359
7383
7407
7431
7455
7480
7504
7528
7552
7576
7600
7624
7648
7673
7697
7721
7745
7769
7793
7817
7843
7867
7891
7915
7939
7963
7990
8014
8038
8062
8086
8110
8134
8162
8186
8210
8234
8258
8282
8306
8335
8359
8383
8407
8431
8455
8479
8510
8534
8558
8582
8606
8630
8654
8687
8711
8735
8759
8783
8807
8842
8866
8890
8914
8938
8962
8986
9023
9047
9071
9095
9119
9143
9183
9207
9231
9255
9279
9303
9327
9369
9393
9417
9441
9465
9489
9534
9558
9582
9606
9630
9654
9702
9726
9750
9774
9798
9822
9874
9898
9922
9946
9970
9994
10049
10073
10097
10121
10145
10204
10228
10252
10276
10300
10324
10387
10411
10435
10459
10483
10550
10574
10598
10622
10646
10717
10741
10765
10789
10813
