340
522
698
868
1031
1055
1212
1363
1387
1532
1556
1580
1719
1743
1876
1900
1924
2051
2075
2099
2221
2245
2269
2385
2409
2433
2457
2567
2591
2615
2720
2744
2768
2792
2892
2916
2940
2964
2988
3083
3107
3131
3155
3245
3269
3293
3317
3402
3426
3450
3474
3498
3578
3602
3626
3650
3674
3749
3773
3797
3821
3845
3916
3940
3964
3988
4012
4036
4103
4127
4151
4175
4199
4262
4286
4310
4334
4358
4382
4441
4465
4489
4513
4537
4592
4616
4640
4664
4688
4712
4764
4788
4812
4836
4860
4884
4932
4956
4980
5004
5028
5052
5076
5121
5145
5169
5193
5217
5241
5283
5307
5331
5355
5379
5403
5443
5467
5491
5515
5539
5563
5587
5624
5648
5672
5696
5720
5744
5768
5803
5827
5851
5875
5899
5923
5956
5980
6004
6028
6052
6076
6100
6131
6155
6179
6203
6227
6251
6275
6304
6328
6352
6376
6400
6424
6448
6476
6500
6524
6548
6572
6596
6620
6647
6671
6695
6719
6743
6767
6791
6817
6841
6865
6889
6913
6937
6961
6986
7010
7034
7058
7082
7106
7130
7155
7179
7203
7227
7251
7275
7299
7324
7348
7372
7396
7420
7444
7468
7493
7517
7541
7565
7589
7613
7637
7662
7686
7710
7734
7758
7782
7806
7832
7856
7880
7904
7928
7952
7976
8003
8027
8051
8075
8099
8123
8147
8175
8199
8223
8247
8271
8295
8319
8348
8372
8396
8420
8444
8468
8492
8523
8547
8571
8595
8619
8643
8676
8700
8724
8748
8772
8796
8820
8855
8879
8903
8927
8951
8975
9012
9036
9060
9084
9108
9132
9156
9196
9220
9244
9268
9292
9316
9358
9382
9406
9430
9454
9478
9523
9547
9571
9595
9619
9643
9691
9715
9739
9763
9787
9811
9863
9887
9911
9935
9959
9983
10038
10062
10086
10110
10134
10158
10217
10241
10265
10289
10313
10376
10400
10424
10448
10472
10496
10563
10587
10611
10635
10659
10730
10754
10778
10802
10826
