346
680
850
874
1037
1194
1218
1369
1393
1538
1562
1701
1725
1749
1882
1906
1930
2057
2081
2105
2227
2251
2275
2391
2415
2439
2463
2573
2597
2621
2726
2750
2774
2798
2898
2922
2946
2970
3065
3089
3113
3137
3161
3251
3275
3299
3323
3408
3432
3456
3480
3504
3584
3608
3632
3656
3680
3755
3779
3803
3827
3851
3922
3946
3970
3994
4018
4085
4109
4133
4157
4181
4205
4268
4292
4316
4340
4364
4423
4447
4471
4495
4519
4543
4598
4622
4646
4670
4694
4718
4770
4794
4818
4842
4866
4890
4938
4962
4986
5010
5034
5058
5103
5127
5151
5175
5199
5223
5247
5289
5313
5337
5361
5385
5409
5449
5473
5497
5521
5545
5569
5593
5630
5654
5678
5702
5726
5750
5785
5809
5833
5857
5881
5905
5929
5962
5986
6010
6034
6058
6082
6106
6137
6161
6185
6209
6233
6257
6281
6310
6334
6358
6382
6406
6430
6454
6482
6506
6530
6554
6578
6602
6626
6653
6677
6701
6725
6749
6773
6797
6823
6847
6871
6895
6919
6943
6967
6992
7016
7040
7064
7088
7112
7136
7161
7185
7209
7233
7257
7281
7305
7330
7354
7378
7402
7426
7450
7474
7499
7523
7547
7571
7595
7619
7643
7668
7692
7716
7740
7764
7788
7812
7838
7862
7886
7910
7934
7958
7982
8009
8033
8057
8081
8105
8129
8153
8181
8205
8229
8253
8277
8301
8330
8354
8378
8402
8426
8450
8474
8505
8529
8553
8577
8601
8625
8649
8682
8706
8730
8754
8778
8802
8826
8861
8885
8909
8933
8957
8981
9018
9042
9066
9090
9114
9138
9162
9202
9226
9250
9274
9298
9322
9364
9388
9412
9436
9460
9484
9529
9553
9577
9601
9625
9649
9697
9721
9745
9769
9793
9817
9869
9893
9917
9941
9965
9989
10044
10068
10092
10116
10140
10164
10223
10247
10271
10295
10319
10382
10406
10430
10454
10478
10545
10569
10593
10617
10641
10712
10736
10760
10784
10808
