342
524
700
870
1033
1190
1214
1365
1389
1534
1558
1582
1721
1745
1878
1902
1926
2053
2077
2101
2223
2247
2271
2387
2411
2435
2459
2569
2593
2617
2722
2746
2770
2794
2894
2918
2942
2966
3061
3085
3109
3133
3157
3247
3271
3295
3319
3404
3428
3452
3476
3500
3580
3604
3628
3652
3676
3751
3775
3799
3823
3847
3918
3942
3966
3990
4014
4081
4105
4129
4153
4177
4201
4264
4288
4312
4336
4360
4384
4443
4467
4491
4515
4539
4594
4618
4642
4666
4690
4714
4766
4790
4814
4838
4862
4886
4934
4958
4982
5006
5030
5054
5078
5123
5147
5171
5195
5219
5243
5285
5309
5333
5357
5381
5405
5445
5469
5493
5517
5541
5565
5589
5626
5650
5674
5698
5722
5746
5781
5805
5829
5853
5877
5901
5925
5958
5982
6006
6030
6054
6078
6102
6133
6157
6181
6205
6229
6253
6277
6306
6330
6354
6378
6402
6426
6450
6478
6502
6526
6550
6574
6598
6622
6649
6673
6697
6721
6745
6769
6793
6819
6843
6867
6891
6915
6939
6963
6988
7012
7036
7060
7084
7108
7132
7157
7181
7205
7229
7253
7277
7301
7326
7350
7374
7398
7422
7446
7470
7495
7519
7543
7567
7591
7615
7639
7664
7688
7712
7736
7760
7784
7808
7834
7858
7882
7906
7930
7954
7978
8005
8029
8053
8077
8101
8125
8149
8177
8201
8225
8249
8273
8297
8321
8350
8374
8398
8422
8446
8470
8501
8525
8549
8573
8597
8621
8645
8678
8702
8726
8750
8774
8798
8822
8857
8881
8905
8929
8953
8977
9014
9038
9062
9086
9110
9134
9158
9198
9222
9246
9270
9294
9318
9360
9384
9408
9432
9456
9480
9525
9549
9573
9597
9621
9645
9693
9717
9741
9765
9789
9813
9865
9889
9913
9937
9961
9985
10040
10064
10088
10112
10136
10160
10219
10243
10267
10291
10315
10378
10402
10426
10450
10474
10541
10565
10589
10613
10637
10661
10732
10756
10780
10804
10828
