349
683
853
877
1040
1197
1221
1372
1396
1541
1565
1704
1728
1752
1885
1909
1933
2060
2084
2108
2230
2254
2278
2394
2418
2442
2552
2576
2600
2624
2729
2753
2777
2801
2901
2925
2949
2973
3068
3092
3116
3140
3230
3254
3278
3302
3326
3411
3435
3459
3483
3507
3587
3611
3635
3659
3683
3758
3782
3806
3830
3854
3925
3949
3973
3997
4021
4088
4112
4136
4160
4184
4208
4271
4295
4319
4343
4367
4426
4450
4474
4498
4522
4546
4601
4625
4649
4673
4697
4721
4773
4797
4821
4845
4869
4893
4941
4965
4989
5013
5037
5061
5106
5130
5154
5178
5202
5226
5250
5292
5316
5340
5364
5388
5412
5452
5476
5500
5524
5548
5572
5596
5633
5657
5681
5705
5729
5753
5788
5812
5836
5860
5884
5908
5932
5965
5989
6013
6037
6061
6085
6109
6140
6164
6188
6212
6236
6260
6284
6313
6337
6361
6385
6409
6433
6461
6485
6509
6533
6557
6581
6605
6632
6656
6680
6704
6728
6752
6776
6802
6826
6850
6874
6898
6922
6946
6971
6995
7019
7043
7067
7091
7115
7140
7164
7188
7212
7236
7260
7284
7308
7333
7357
7381
7405
7429
7453
7477
7502
7526
7550
7574
7598
7622
7646
7671
7695
7719
7743
7767
7791
7815
7841
7865
7889
7913
7937
7961
7985
8012
8036
8060
8084
8108
8132
8160
8184
8208
8232
8256
8280
8304
8333
8357
8381
8405
8429
8453
8477
8508
8532
8556
8580
8604
8628
8652
8685
8709
8733
8757
8781
8805
8840
8864
8888
8912
8936
8960
8984
9021
9045
9069
9093
9117
9141
9181
9205
9229
9253
9277
9301
9325
9367
9391
9415
9439
9463
9487
9532
9556
9580
9604
9628
9652
9700
9724
9748
9772
9796
9820
9872
9896
9920
9944
9968
9992
10047
10071
10095
10119
10143
10202
10226
10250
10274
10298
10322
10385
10409
10433
10457
10481
10548
10572
10596
10620
10644
10715
10739
10763
10787
10811
