345
527
703
873
1036
1193
1217
1368
1392
1537
1561
1700
1724
1748
1881
1905
1929
2056
2080
2104
2226
2250
2274
2390
2414
2438
2462
2572
2596
2620
2725
2749
2773
2797
2897
2921
2945
2969
3064
3088
3112
3136
3160
3250
3274
3298
3322
3407
3431
3455
3479
3503
3583
3607
3631
3655
3679
3754
3778
3802
3826
3850
3921
3945
3969
3993
4017
4084
4108
4132
4156
4180
4204
4267
4291
4315
4339
4363
4422
4446
4470
4494
4518
4542
4597
4621
4645
4669
4693
4717
4769
4793
4817
4841
4865
4889
4937
4961
4985
5009
5033
5057
5102
5126
5150
5174
5198
5222
5246
5288
5312
5336
5360
5384
5408
5448
5472
5496
5520
5544
5568
5592
5629
5653
5677
5701
5725
5749
5784
5808
5832
5856
5880
5904
5928
5961
5985
6009
6033
6057
6081
6105
6136
6160
6184
6208
6232
6256
6280
6309
6333
6357
6381
6405
6429
6453
6481
6505
6529
6553
6577
6601
6625
6652
6676
6700
6724
6748
6772
6796
6822
6846
6870
6894
6918
6942
6966
6991
7015
7039
7063
7087
7111
7135
7160
7184
7208
7232
7256
7280
7304
7329
7353
7377
7401
7425
7449
7473
7498
7522
7546
7570
7594
7618
7642
7667
7691
7715
7739
7763
7787
7811
7837
7861
7885
7909
7933
7957
7981
8008
8032
8056
8080
8104
8128
8152
8180
8204
8228
8252
8276
8300
8324
8353
8377
8401
8425
8449
8473
8504
8528
8552
8576
8600
8624
8648
8681
8705
8729
8753
8777
8801
8825
8860
8884
8908
8932
8956
8980
9017
9041
9065
9089
9113
9137
9161
9201
9225
9249
9273
9297
9321
9363
9387
9411
9435
9459
9483
9528
9552
9576
9600
9624
9648
9696
9720
9744
9768
9792
9816
9868
9892
9916
9940
9964
9988
10043
10067
10091
10115
10139
10163
10222
10246
10270
10294
10318
10381
10405
10429
10453
10477
10544
10568
10592
10616
10640
10711
10735
10759
10783
10807
