514
690
860
1023
1047
1204
1228
1379
1403
1548
1572
1711
1735
1759
1892
1916
2043
2067
2091
2213
2237
2261
2285
2401
2425
2449
2559
2583
2607
2631
2736
2760
2784
2808
2908
2932
2956
2980
3075
3099
3123
3147
3237
3261
3285
3309
3333
3418
3442
3466
3490
3570
3594
3618
3642
3666
3741
3765
3789
3813
3837
3861
3932
3956
3980
4004
4028
4095
4119
4143
4167
4191
4254
4278
4302
4326
4350
4374
4433
4457
4481
4505
4529
4553
4608
4632
4656
4680
4704
4728
4780
4804
4828
4852
4876
4900
4948
4972
4996
5020
5044
5068
5113
5137
5161
5185
5209
5233
5275
5299
5323
5347
5371
5395
5419
5459
5483
5507
5531
5555
5579
5616
5640
5664
5688
5712
5736
5760
5795
5819
5843
5867
5891
5915
5939
5972
5996
6020
6044
6068
6092
6123
6147
6171
6195
6219
6243
6267
6296
6320
6344
6368
6392
6416
6440
6468
6492
6516
6540
6564
6588
6612
6639
6663
6687
6711
6735
6759
6783
6809
6833
6857
6881
6905
6929
6953
6978
7002
7026
7050
7074
7098
7122
7147
7171
7195
7219
7243
7267
7291
7316
7340
7364
7388
7412
7436
7460
7485
7509
7533
7557
7581
7605
7629
7654
7678
7702
7726
7750
7774
7798
7824
7848
7872
7896
7920
7944
7968
7995
8019
8043
8067
8091
8115
8139
8167
8191
8215
8239
8263
8287
8311
8340
8364
8388
8412
8436
8460
8484
8515
8539
8563
8587
8611
8635
8659
8692
8716
8740
8764
8788
8812
8847
8871
8895
8919
8943
8967
8991
9028
9052
9076
9100
9124
9148
9188
9212
9236
9260
9284
9308
9350
9374
9398
9422
9446
9470
9494
9539
9563
9587
9611
9635
9659
9707
9731
9755
9779
9803
9827
9879
9903
9927
9951
9975
10030
10054
10078
10102
10126
10150
10209
10233
10257
10281
10305
10329
10392
10416
10440
10464
10488
10555
10579
10603
10627
10651
10722
10746
10770
10794
10818
