515
691
861
1024
1048
1205
1229
1380
1404
1549
1573
1712
1736
1760
1893
1917
2044
2068
2092
2214
2238
2262
2286
2402
2426
2450
2560
2584
2608
2632
2737
2761
2785
2809
2909
2933
2957
2981
3076
3100
3124
3148
3238
3262
3286
3310
3334
3419
3443
3467
3491
3571
3595
3619
3643
3667
3742
3766
3790
3814
3838
3862
3933
3957
3981
4005
4029
4096
4120
4144
4168
4192
4255
4279
4303
4327
4351
4375
4434
4458
4482
4506
4530
4554
4609
4633
4657
4681
4705
4729
4781
4805
4829
4853
4877
4901
4949
4973
4997
5021
5045
5069
5114
5138
5162
5186
5210
5234
5276
5300
5324
5348
5372
5396
5420
5460
5484
5508
5532
5556
5580
5617
5641
5665
5689
5713
5737
5761
5796
5820
5844
5868
5892
5916
5940
5973
5997
6021
6045
6069
6093
6124
6148
6172
6196
6220
6244
6268
6297
6321
6345
6369
6393
6417
6441
6469
6493
6517
6541
6565
6589
6613
6640
6664
6688
6712
6736
6760
6784
6810
6834
6858
6882
6906
6930
6954
6979
7003
7027
7051
7075
7099
7123
7148
7172
7196
7220
7244
7268
7292
7317
7341
7365
7389
7413
7437
7461
7486
7510
7534
7558
7582
7606
7630
7655
7679
7703
7727
7751
7775
7799
7825
7849
7873
7897
7921
7945
7969
7996
8020
8044
8068
8092
8116
8140
8168
8192
8216
8240
8264
8288
8312
8341
8365
8389
8413
8437
8461
8485
8516
8540
8564
8588
8612
8636
8660
8693
8717
8741
8765
8789
8813
8848
8872
8896
8920
8944
8968
8992
9029
9053
9077
9101
9125
9149
9189
9213
9237
9261
9285
9309
9351
9375
9399
9423
9447
9471
9495
9540
9564
9588
9612
9636
9660
9708
9732
9756
9780
9804
9828
9880
9904
9928
9952
9976
10031
10055
10079
10103
10127
10151
10210
10234
10258
10282
10306
10330
10393
10417
10441
10465
10489
10556
10580
10604
10628
10652
10723
10747
10771
10795
10819
