510
686
856
880
1043
1200
1224
1375
1399
1544
1568
1707
1731
1755
1888
1912
1936
2063
2087
2111
2233
2257
2281
2397
2421
2445
2555
2579
2603
2627
2732
2756
2780
2804
2904
2928
2952
2976
3071
3095
3119
3143
3233
3257
3281
3305
3329
3414
3438
3462
3486
3510
3590
3614
3638
3662
3686
3761
3785
3809
3833
3857
3928
3952
3976
4000
4024
4091
4115
4139
4163
4187
4250
4274
4298
4322
4346
4370
4429
4453
4477
4501
4525
4549
4604
4628
4652
4676
4700
4724
4776
4800
4824
4848
4872
4896
4944
4968
4992
5016
5040
5064
5109
5133
5157
5181
5205
5229
5271
5295
5319
5343
5367
5391
5415
5455
5479
5503
5527
5551
5575
5612
5636
5660
5684
5708
5732
5756
5791
5815
5839
5863
5887
5911
5935
5968
5992
6016
6040
6064
6088
6112
6143
6167
6191
6215
6239
6263
6292
6316
6340
6364
6388
6412
6436
6464
6488
6512
6536
6560
6584
6608
6635
6659
6683
6707
6731
6755
6779
6805
6829
6853
6877
6901
6925
6949
6974
6998
7022
7046
7070
7094
7118
7143
7167
7191
7215
7239
7263
7287
7312
7336
7360
7384
7408
7432
7456
7481
7505
7529
7553
7577
7601
7625
7650
7674
7698
7722
7746
7770
7794
7820
7844
7868
7892
7916
7940
7964
7991
8015
8039
8063
8087
8111
8135
8163
8187
8211
8235
8259
8283
8307
8336
8360
8384
8408
8432
8456
8480
8511
8535
8559
8583
8607
8631
8655
8688
8712
8736
8760
8784
8808
8843
8867
8891
8915
8939
8963
8987
9024
9048
9072
9096
9120
9144
9184
9208
9232
9256
9280
9304
9328
9370
9394
9418
9442
9466
9490
9535
9559
9583
9607
9631
9655
9703
9727
9751
9775
9799
9823
9875
9899
9923
9947
9971
9995
10050
10074
10098
10122
10146
10205
10229
10253
10277
10301
10325
10388
10412
10436
10460
10484
10551
10575
10599
10623
10647
10718
10742
10766
10790
10814
