344
526
702
872
1035
1192
1216
1367
1391
1536
1560
1584
1723
1747
1880
1904
1928
2055
2079
2103
2225
2249
2273
2389
2413
2437
2461
2571
2595
2619
2724
2748
2772
2796
2896
2920
2944
2968
3063
3087
3111
3135
3159
3249
3273
3297
3321
3406
3430
3454
3478
3502
3582
3606
3630
3654
3678
3753
3777
3801
3825
3849
3920
3944
3968
3992
4016
4083
4107
4131
4155
4179
4203
4266
4290
4314
4338
4362
4421
4445
4469
4493
4517
4541
4596
4620
4644
4668
4692
4716
4768
4792
4816
4840
4864
4888
4936
4960
4984
5008
5032
5056
5101
5125
5149
5173
5197
5221
5245
5287
5311
5335
5359
5383
5407
5447
5471
5495
5519
5543
5567
5591
5628
5652
5676
5700
5724
5748
5783
5807
5831
5855
5879
5903
5927
5960
5984
6008
6032
6056
6080
6104
6135
6159
6183
6207
6231
6255
6279
6308
6332
6356
6380
6404
6428
6452
6480
6504
6528
6552
6576
6600
6624
6651
6675
6699
6723
6747
6771
6795
6821
6845
6869
6893
6917
6941
6965
6990
7014
7038
7062
7086
7110
7134
7159
7183
7207
7231
7255
7279
7303
7328
7352
7376
7400
7424
7448
7472
7497
7521
7545
7569
7593
7617
7641
7666
7690
7714
7738
7762
7786
7810
7836
7860
7884
7908
7932
7956
7980
8007
8031
8055
8079
8103
8127
8151
8179
8203
8227
8251
8275
8299
8323
8352
8376
8400
8424
8448
8472
8503
8527
8551
8575
8599
8623
8647
8680
8704
8728
8752
8776
8800
8824
8859
8883
8907
8931
8955
8979
9016
9040
9064
9088
9112
9136
9160
9200
9224
9248
9272
9296
9320
9362
9386
9410
9434
9458
9482
9527
9551
9575
9599
9623
9647
9695
9719
9743
9767
9791
9815
9867
9891
9915
9939
9963
9987
10042
10066
10090
10114
10138
10162
10221
10245
10269
10293
10317
10380
10404
10428
10452
10476
10543
10567
10591
10615
10639
10710
10734
10758
10782
10806
