173
520
696
866
1029
1053
1210
1361
1385
1530
1554
1578
1717
1741
1874
1898
1922
2049
2073
2097
2219
2243
2267
2383
2407
2431
2455
2565
2589
2613
2637
2742
2766
2790
2890
2914
2938
2962
2986
3081
3105
3129
3153
3243
3267
3291
3315
3400
3424
3448
3472
3496
3576
3600
3624
3648
3672
3747
3771
3795
3819
3843
3914
3938
3962
3986
4010
4034
4101
4125
4149
4173
4197
4260
4284
4308
4332
4356
4380
4439
4463
4487
4511
4535
4590
4614
4638
4662
4686
4710
4762
4786
4810
4834
4858
4882
4930
4954
4978
5002
5026
5050
5074
5119
5143
5167
5191
5215
5239
5281
5305
5329
5353
5377
5401
5441
5465
5489
5513
5537
5561
5585
5622
5646
5670
5694
5718
5742
5766
5801
5825
5849
5873
5897
5921
5954
5978
6002
6026
6050
6074
6098
6129
6153
6177
6201
6225
6249
6273
6302
6326
6350
6374
6398
6422
6446
6474
6498
6522
6546
6570
6594
6618
6645
6669
6693
6717
6741
6765
6789
6815
6839
6863
6887
6911
6935
6959
6984
7008
7032
7056
7080
7104
7128
7153
7177
7201
7225
7249
7273
7297
7322
7346
7370
7394
7418
7442
7466
7491
7515
7539
7563
7587
7611
7635
7660
7684
7708
7732
7756
7780
7804
7830
7854
7878
7902
7926
7950
7974
8001
8025
8049
8073
8097
8121
8145
8173
8197
8221
8245
8269
8293
8317
8346
8370
8394
8418
8442
8466
8490
8521
8545
8569
8593
8617
8641
8674
8698
8722
8746
8770
8794
8818
8853
8877
8901
8925
8949
8973
9010
9034
9058
9082
9106
9130
9154
9194
9218
9242
9266
9290
9314
9356
9380
9404
9428
9452
9476
9521
9545
9569
9593
9617
9641
9665
9713
9737
9761
9785
9809
9861
9885
9909
9933
9957
9981
10036
10060
10084
10108
10132
10156
10215
10239
10263
10287
10311
10374
10398
10422
10446
10470
10494
10561
10585
10609
10633
10657
10728
10752
10776
10800
10824
