172
519
695
865
1028
1052
1209
1360
1384
1408
1553
1577
1716
1740
1873
1897
1921
2048
2072
2096
2218
2242
2266
2382
2406
2430
2454
2564
2588
2612
2636
2741
2765
2789
2813
2913
2937
2961
2985
3080
3104
3128
3152
3242
3266
3290
3314
3338
3423
3447
3471
3495
3575
3599
3623
3647
3671
3746
3770
3794
3818
3842
3913
3937
3961
3985
4009
4033
4100
4124
4148
4172
4196
4259
4283
4307
4331
4355
4379
4438
4462
4486
4510
4534
4558
4613
4637
4661
4685
4709
4761
4785
4809
4833
4857
4881
4905
4953
4977
5001
5025
5049
5073
5118
5142
5166
5190
5214
5238
5280
5304
5328
5352
5376
5400
5440
5464
5488
5512
5536
5560
5584
5621
5645
5669
5693
5717
5741
5765
5800
5824
5848
5872
5896
5920
5953
5977
6001
6025
6049
6073
6097
6128
6152
6176
6200
6224
6248
6272
6301
6325
6349
6373
6397
6421
6445
6473
6497
6521
6545
6569
6593
6617
6644
6668
6692
6716
6740
6764
6788
6814
6838
6862
6886
6910
6934
6958
6983
7007
7031
7055
7079
7103
7127
7152
7176
7200
7224
7248
7272
7296
7321
7345
7369
7393
7417
7441
7465
7490
7514
7538
7562
7586
7610
7634
7659
7683
7707
7731
7755
7779
7803
7829
7853
7877
7901
7925
7949
7973
8000
8024
8048
8072
8096
8120
8144
8172
8196
8220
8244
8268
8292
8316
8345
8369
8393
8417
8441
8465
8489
8520
8544
8568
8592
8616
8640
8673
8697
8721
8745
8769
8793
8817
8852
8876
8900
8924
8948
8972
8996
9033
9057
9081
9105
9129
9153
9193
9217
9241
9265
9289
9313
9355
9379
9403
9427
9451
9475
9520
9544
9568
9592
9616
9640
9664
9712
9736
9760
9784
9808
9860
9884
9908
9932
9956
9980
10035
10059
10083
10107
10131
10155
10214
10238
10262
10286
10310
10373
10397
10421
10445
10469
10493
10560
10584
10608
10632
10656
10727
10751
10775
10799
10823
