512
688
858
1021
1045
1202
1226
1377
1401
1546
1570
1709
1733
1757
1890
1914
2041
2065
2089
2211
2235
2259
2283
2399
2423
2447
2557
2581
2605
2629
2734
2758
2782
2806
2906
2930
2954
2978
3073
3097
3121
3145
3235
3259
3283
3307
3331
3416
3440
3464
3488
3512
3592
3616
3640
3664
3688
3763
3787
3811
3835
3859
3930
3954
3978
4002
4026
4093
4117
4141
4165
4189
4252
4276
4300
4324
4348
4372
4431
4455
4479
4503
4527
4551
4606
4630
4654
4678
4702
4726
4778
4802
4826
4850
4874
4898
4946
4970
4994
5018
5042
5066
5111
5135
5159
5183
5207
5231
5273
5297
5321
5345
5369
5393
5417
5457
5481
5505
5529
5553
5577
5614
5638
5662
5686
5710
5734
5758
5793
5817
5841
5865
5889
5913
5937
5970
5994
6018
6042
6066
6090
6121
6145
6169
6193
6217
6241
6265
6294
6318
6342
6366
6390
6414
6438
6466
6490
6514
6538
6562
6586
6610
6637
6661
6685
6709
6733
6757
6781
6807
6831
6855
6879
6903
6927
6951
6976
7000
7024
7048
7072
7096
7120
7145
7169
7193
7217
7241
7265
7289
7314
7338
7362
7386
7410
7434
7458
7483
7507
7531
7555
7579
7603
7627
7652
7676
7700
7724
7748
7772
7796
7822
7846
7870
7894
7918
7942
7966
7993
8017
8041
8065
8089
8113
8137
8165
8189
8213
8237
8261
8285
8309
8338
8362
8386
8410
8434
8458
8482
8513
8537
8561
8585
8609
8633
8657
8690
8714
8738
8762
8786
8810
8845
8869
8893
8917
8941
8965
8989
9026
9050
9074
9098
9122
9146
9186
9210
9234
9258
9282
9306
9330
9372
9396
9420
9444
9468
9492
9537
9561
9585
9609
9633
9657
9705
9729
9753
9777
9801
9825
9877
9901
9925
9949
9973
9997
10052
10076
10100
10124
10148
10207
10231
10255
10279
10303
10327
10390
10414
10438
10462
10486
10553
10577
10601
10625
10649
10720
10744
10768
10792
10816
