348
682
852
876
1039
1196
1220
1371
1395
1540
1564
1703
1727
1751
1884
1908
1932
2059
2083
2107
2229
2253
2277
2393
2417
2441
2551
2575
2599
2623
2728
2752
2776
2800
2900
2924
2948
2972
3067
3091
3115
3139
3163
3253
3277
3301
3325
3410
3434
3458
3482
3506
3586
3610
3634
3658
3682
3757
3781
3805
3829
3853
3924
3948
3972
3996
4020
4087
4111
4135
4159
4183
4207
4270
4294
4318
4342
4366
4425
4449
4473
4497
4521
4545
4600
4624
4648
4672
4696
4720
4772
4796
4820
4844
4868
4892
4940
4964
4988
5012
5036
5060
5105
5129
5153
5177
5201
5225
5249
5291
5315
5339
5363
5387
5411
5451
5475
5499
5523
5547
5571
5595
5632
5656
5680
5704
5728
5752
5787
5811
5835
5859
5883
5907
5931
5964
5988
6012
6036
6060
6084
6108
6139
6163
6187
6211
6235
6259
6283
6312
6336
6360
6384
6408
6432
6460
6484
6508
6532
6556
6580
6604
6631
6655
6679
6703
6727
6751
6775
6801
6825
6849
6873
6897
6921
6945
6970
6994
7018
7042
7066
7090
7114
7138
7163
7187
7211
7235
7259
7283
7307
7332
7356
7380
7404
7428
7452
7476
7501
7525
7549
7573
7597
7621
7645
7670
7694
7718
7742
7766
7790
7814
7840
7864
7888
7912
7936
7960
7984
8011
8035
8059
8083
8107
8131
8155
8183
8207
8231
8255
8279
8303
8332
8356
8380
8404
8428
8452
8476
8507
8531
8555
8579
8603
8627
8651
8684
8708
8732
8756
8780
8804
8828
8863
8887
8911
8935
8959
8983
9020
9044
9068
9092
9116
9140
9180
9204
9228
9252
9276
9300
9324
9366
9390
9414
9438
9462
9486
9531
9555
9579
9603
9627
9651
9699
9723
9747
9771
9795
9819
9871
9895
9919
9943
9967
9991
10046
10070
10094
10118
10142
10201
10225
10249
10273
10297
10321
10384
10408
10432
10456
10480
10547
10571
10595
10619
10643
10714
10738
10762
10786
10810
