0
516
692
862
1025
1049
1206
1230
1381
1405
1550
1574
1713
1737
1870
1894
1918
2045
2069
2093
2215
2239
2263
2287
2403
2427
2451
2561
2585
2609
2633
2738
2762
2786
2810
2910
2934
2958
2982
3077
3101
3125
3149
3239
3263
3287
3311
3335
3420
3444
3468
3492
3572
3596
3620
3644
3668
3743
3767
3791
3815
3839
3910
3934
3958
3982
4006
4030
4097
4121
4145
4169
4193
4256
4280
4304
4328
4352
4376
4435
4459
4483
4507
4531
4555
4610
4634
4658
4682
4706
4730
4782
4806
4830
4854
4878
4902
4950
4974
4998
5022
5046
5070
5115
5139
5163
5187
5211
5235
5277
5301
5325
5349
5373
5397
5421
5461
5485
5509
5533
5557
5581
5618
5642
5666
5690
5714
5738
5762
5797
5821
5845
5869
5893
5917
5950
5974
5998
6022
6046
6070
6094
6125
6149
6173
6197
6221
6245
6269
6298
6322
6346
6370
6394
6418
6442
6470
6494
6518
6542
6566
6590
6614
6641
6665
6689
6713
6737
6761
6785
6811
6835
6859
6883
6907
6931
6955
6980
7004
7028
7052
7076
7100
7124
7149
7173
7197
7221
7245
7269
7293
7318
7342
7366
7390
7414
7438
7462
7487
7511
7535
7559
7583
7607
7631
7656
7680
7704
7728
7752
7776
7800
7826
7850
7874
7898
7922
7946
7970
7997
8021
8045
8069
8093
8117
8141
8169
8193
8217
8241
8265
8289
8313
8342
8366
8390
8414
8438
8462
8486
8517
8541
8565
8589
8613
8637
8670
8694
8718
8742
8766
8790
8814
8849
8873
8897
8921
8945
8969
8993
9030
9054
9078
9102
9126
9150
9190
9214
9238
9262
9286
9310
9352
9376
9400
9424
9448
9472
9496
9541
9565
9589
9613
9637
9661
9709
9733
9757
9781
9805
9829
9881
9905
9929
9953
9977
10032
10056
10080
10104
10128
10152
10211
10235
10259
10283
10307
10370
10394
10418
10442
10466
10490
10557
10581
10605
10629
10653
10724
10748
10772
10796
10820
