174
521
697
867
1030
1054
1211
1362
1386
1531
1555
1579
1718
1742
1875
1899
1923
2050
2074
2098
2220
2244
2268
2384
2408
2432
2456
2566
2590
2614
2638
2743
2767
2791
2891
2915
2939
2963
2987
3082
3106
3130
3154
3244
3268
3292
3316
3401
3425
3449
3473
3497
3577
3601
3625
3649
3673
3748
3772
3796
3820
3844
3915
3939
3963
3987
4011
4035
4102
4126
4150
4174
4198
4261
4285
4309
4333
4357
4381
4440
4464
4488
4512
4536
4591
4615
4639
4663
4687
4711
4763
4787
4811
4835
4859
4883
4931
4955
4979
5003
5027
5051
5075
5120
5144
5168
5192
5216
5240
5282
5306
5330
5354
5378
5402
5442
5466
5490
5514
5538
5562
5586
5623
5647
5671
5695
5719
5743
5767
5802
5826
5850
5874
5898
5922
5955
5979
6003
6027
6051
6075
6099
6130
6154
6178
6202
6226
6250
6274
6303
6327
6351
6375
6399
6423
6447
6475
6499
6523
6547
6571
6595
6619
6646
6670
6694
6718
6742
6766
6790
6816
6840
6864
6888
6912
6936
6960
6985
7009
7033
7057
7081
7105
7129
7154
7178
7202
7226
7250
7274
7298
7323
7347
7371
7395
7419
7443
7467
7492
7516
7540
7564
7588
7612
7636
7661
7685
7709
7733
7757
7781
7805
7831
7855
7879
7903
7927
7951
7975
8002
8026
8050
8074
8098
8122
8146
8174
8198
8222
8246
8270
8294
8318
8347
8371
8395
8419
8443
8467
8491
8522
8546
8570
8594
8618
8642
8675
8699
8723
8747
8771
8795
8819
8854
8878
8902
8926
8950
8974
9011
9035
9059
9083
9107
9131
9155
9195
9219
9243
9267
9291
9315
9357
9381
9405
9429
9453
9477
9522
9546
9570
9594
9618
9642
9690
9714
9738
9762
9786
9810
9862
9886
9910
9934
9958
9982
10037
10061
10085
10109
10133
10157
10216
10240
10264
10288
10312
10375
10399
10423
10447
10471
10495
10562
10586
10610
10634
10658
10729
10753
10777
10801
10825
