347
681
851
875
1038
1195
1219
1370
1394
1539
1563
1702
1726
1750
1883
1907
1931
2058
2082
2106
2228
2252
2276
2392
2416
2440
2550
2574
2598
2622
2727
2751
2775
2799
2899
2923
2947
2971
3066
3090
3114
3138
3162
3252
3276
3300
3324
3409
3433
3457
3481
3505
3585
3609
3633
3657
3681
3756
3780
3804
3828
3852
3923
3947
3971
3995
4019
4086
4110
4134
4158
4182
4206
4269
4293
4317
4341
4365
4424
4448
4472
4496
4520
4544
4599
4623
4647
4671
4695
4719
4771
4795
4819
4843
4867
4891
4939
4963
4987
5011
5035
5059
5104
5128
5152
5176
5200
5224
5248
5290
5314
5338
5362
5386
5410
5450
5474
5498
5522
5546
5570
5594
5631
5655
5679
5703
5727
5751
5786
5810
5834
5858
5882
5906
5930
5963
5987
6011
6035
6059
6083
6107
6138
6162
6186
6210
6234
6258
6282
6311
6335
6359
6383
6407
6431
6455
6483
6507
6531
6555
6579
6603
6630
6654
6678
6702
6726
6750
6774
6800
6824
6848
6872
6896
6920
6944
6968
6993
7017
7041
7065
7089
7113
7137
7162
7186
7210
7234
7258
7282
7306
7331
7355
7379
7403
7427
7451
7475
7500
7524
7548
7572
7596
7620
7644
7669
7693
7717
7741
7765
7789
7813
7839
7863
7887
7911
7935
7959
7983
8010
8034
8058
8082
8106
8130
8154
8182
8206
8230
8254
8278
8302
8331
8355
8379
8403
8427
8451
8475
8506
8530
8554
8578
8602
8626
8650
8683
8707
8731
8755
8779
8803
8827
8862
8886
8910
8934
8958
8982
9019
9043
9067
9091
9115
9139
9163
9203
9227
9251
9275
9299
9323
9365
9389
9413
9437
9461
9485
9530
9554
9578
9602
9626
9650
9698
9722
9746
9770
9794
9818
9870
9894
9918
9942
9966
9990
10045
10069
10093
10117
10141
10200
10224
10248
10272
10296
10320
10383
10407
10431
10455
10479
10546
10570
10594
10618
10642
10713
10737
10761
10785
10809
