511
687
857
1020
1044
1201
1225
1376
1400
1545
1569
1708
1732
1756
1889
1913
2040
2064
2088
2210
2234
2258
2282
2398
2422
2446
2556
2580
2604
2628
2733
2757
2781
2805
2905
2929
2953
2977
3072
3096
3120
3144
3234
3258
3282
3306
3330
3415
3439
3463
3487
3511
3591
3615
3639
3663
3687
3762
3786
3810
3834
3858
3929
3953
3977
4001
4025
4092
4116
4140
4164
4188
4251
4275
4299
4323
4347
4371
4430
4454
4478
4502
4526
4550
4605
4629
4653
4677
4701
4725
4777
4801
4825
4849
4873
4897
4945
4969
4993
5017
5041
5065
5110
5134
5158
5182
5206
5230
5272
5296
5320
5344
5368
5392
5416
5456
5480
5504
5528
5552
5576
5613
5637
5661
5685
5709
5733
5757
5792
5816
5840
5864
5888
5912
5936
5969
5993
6017
6041
6065
6089
6120
6144
6168
6192
6216
6240
6264
6293
6317
6341
6365
6389
6413
6437
6465
6489
6513
6537
6561
6585
6609
6636
6660
6684
6708
6732
6756
6780
6806
6830
6854
6878
6902
6926
6950
6975
6999
7023
7047
7071
7095
7119
7144
7168
7192
7216
7240
7264
7288
7313
7337
7361
7385
7409
7433
7457
7482
7506
7530
7554
7578
7602
7626
7651
7675
7699
7723
7747
7771
7795
7821
7845
7869
7893
7917
7941
7965
7992
8016
8040
8064
8088
8112
8136
8164
8188
8212
8236
8260
8284
8308
8337
8361
8385
8409
8433
8457
8481
8512
8536
8560
8584
8608
8632
8656
8689
8713
8737
8761
8785
8809
8844
8868
8892
8916
8940
8964
8988
9025
9049
9073
9097
9121
9145
9185
9209
9233
9257
9281
9305
9329
9371
9395
9419
9443
9467
9491
9536
9560
9584
9608
9632
9656
9704
9728
9752
9776
9800
9824
9876
9900
9924
9948
9972
9996
10051
10075
10099
10123
10147
10206
10230
10254
10278
10302
10326
10389
10413
10437
10461
10485
10552
10576
10600
10624
10648
10719
10743
10767
10791
10815
