170
517
693
863
1026
1050
1207
1231
1382
1406
1551
1575
1714
1738
1871
1895
1919
2046
2070
2094
2216
2240
2264
2380
2404
2428
2452
2562
2586
2610
2634
2739
2763
2787
2811
2911
2935
2959
2983
3078
3102
3126
3150
3240
3264
3288
3312
3336
3421
3445
3469
3493
3573
3597
3621
3645
3669
3744
3768
3792
3816
3840
3911
3935
3959
3983
4007
4031
4098
4122
4146
4170
4194
4257
4281
4305
4329
4353
4377
4436
4460
4484
4508
4532
4556
4611
4635
4659
4683
4707
4731
4783
4807
4831
4855
4879
4903
4951
4975
4999
5023
5047
5071
5116
5140
5164
5188
5212
5236
5278
5302
5326
5350
5374
5398
5422
5462
5486
5510
5534
5558
5582
5619
5643
5667
5691
5715
5739
5763
5798
5822
5846
5870
5894
5918
5951
5975
5999
6023
6047
6071
6095
6126
6150
6174
6198
6222
6246
6270
6299
6323
6347
6371
6395
6419
6443
6471
6495
6519
6543
6567
6591
6615
6642
6666
6690
6714
6738
6762
6786
6812
6836
6860
6884
6908
6932
6956
6981
7005
7029
7053
7077
7101
7125
7150
7174
7198
7222
7246
7270
7294
7319
7343
7367
7391
7415
7439
7463
7488
7512
7536
7560
7584
7608
7632
7657
7681
7705
7729
7753
7777
7801
7827
7851
7875
7899
7923
7947
7971
7998
8022
8046
8070
8094
8118
8142
8170
8194
8218
8242
8266
8290
8314
8343
8367
8391
8415
8439
8463
8487
8518
8542
8566
8590
8614
8638
8671
8695
8719
8743
8767
8791
8815
8850
8874
8898
8922
8946
8970
8994
9031
9055
9079
9103
9127
9151
9191
9215
9239
9263
9287
9311
9353
9377
9401
9425
9449
9473
9497
9542
9566
9590
9614
9638
9662
9710
9734
9758
9782
9806
9830
9882
9906
9930
9954
9978
10033
10057
10081
10105
10129
10153
10212
10236
10260
10284
10308
10371
10395
10419
10443
10467
10491
10558
10582
10606
10630
10654
10725
10749
10773
10797
10821
