350
684
854
878
1041
1198
1222
1373
1397
1542
1566
1705
1729
1753
1886
1910
1934
2061
2085
2109
2231
2255
2279
2395
2419
2443
2553
2577
2601
2625
2730
2754
2778
2802
2902
2926
2950
2974
3069
3093
3117
3141
3231
3255
3279
3303
3327
3412
3436
3460
3484
3508
3588
3612
3636
3660
3684
3759
3783
3807
3831
3855
3926
3950
3974
3998
4022
4089
4113
4137
4161
4185
4209
4272
4296
4320
4344
4368
4427
4451
4475
4499
4523
4547
4602
4626
4650
4674
4698
4722
4774
4798
4822
4846
4870
4894
4942
4966
4990
5014
5038
5062
5107
5131
5155
5179
5203
5227
5251
5293
5317
5341
5365
5389
5413
5453
5477
5501
5525
5549
5573
5610
5634
5658
5682
5706
5730
5754
5789
5813
5837
5861
5885
5909
5933
5966
5990
6014
6038
6062
6086
6110
6141
6165
6189
6213
6237
6261
6290
6314
6338
6362
6386
6410
6434
6462
6486
6510
6534
6558
6582
6606
6633
6657
6681
6705
6729
6753
6777
6803
6827
6851
6875
6899
6923
6947
6972
6996
7020
7044
7068
7092
7116
7141
7165
7189
7213
7237
7261
7285
7310
7334
7358
7382
7406
7430
7454
7478
7503
7527
7551
7575
7599
7623
7647
7672
7696
7720
7744
7768
7792
7816
7842
7866
7890
7914
7938
7962
7986
8013
8037
8061
8085
8109
8133
8161
8185
8209
8233
8257
8281
8305
8334
8358
8382
8406
8430
8454
8478
8509
8533
8557
8581
8605
8629
8653
8686
8710
8734
8758
8782
8806
8841
8865
8889
8913
8937
8961
8985
9022
9046
9070
9094
9118
9142
9182
9206
9230
9254
9278
9302
9326
9368
9392
9416
9440
9464
9488
9533
9557
9581
9605
9629
9653
9701
9725
9749
9773
9797
9821
9873
9897
9921
9945
9969
9993
10048
10072
10096
10120
10144
10203
10227
10251
10275
10299
10323
10386
10410
10434
10458
10482
10549
10573
10597
10621
10645
10716
10740
10764
10788
10812
